0.1590658;0.41597703;0.5828537;0.4443783;0.51896983;0.5799582;0.45020047
0.21591206;0.6469319;0.479201;0.39499196;0.44440088;0.39558876;0.4295044
0.14379449;0.4725988;0.5316487;0.377312;0.43743336;0.583245;0.4243387
0.15334564;0.6862499;0.40673086;0.46932778;0.64623225;0.5811267;0.4905022
0.45278096;0.5244508;0.4881956;0.518976;0.66387933;0.5875745;0.53930956
0.10835297;0.5718318;0.35809717;0.5632445;0.33204186;0.6227253;0.42604896
0.20508921;0.40484542;0.53650045;0.4956999;0.72373635;0.56722414;0.48884925
0.17144693;0.3999465;0.60656714;0.39057684;0.4666485;0.5909044;0.43768176
0.16252121;0.40831786;0.35079604;0.5401423;0.18276048;0.5722284;0.36946106
0.21230786;0.56081367;0.52111965;0.49730825;0.3593126;0.6273712;0.46303883
0.017397612;0.44548878;0.36480343;0.45179215;0.4503003;0.3090384;0.33980346
0.32406944;0.44057915;0.63925403;0.47126308;0.3814308;0.570115;0.47111854
0.16975743;0.6509525;0.63729626;0.4360572;0.6123698;0.44990864;0.4927236
0.123858675;0.40447867;0.51760244;0.45519236;0.4802289;0.4982575;0.41326976
0.29272398;0.3897114;0.42530668;0.6354451;0.49642542;0.32919273;0.4281342
0.09395724;0.5482789;0.5940804;0.45550057;0.42621237;0.63297;0.4584999
0.14035591;0.37921798;0.46155483;0.47878927;0.35910672;0.3283376;0.35789374
0.079105735;0.4169407;0.537753;0.39059043;0.4732609;0.5358103;0.40557683
0.07997065;0.56805855;0.520242;0.5357574;0.40025407;0.3585065;0.41046485
0.17319997;0.57943887;0.58301246;0.5229242;0.4436314;0.64252603;0.49078885
0.13597375;0.47157407;0.57692087;0.69527304;0.59466475;0.5371091;0.50191927
0.1292918;0.6231694;0.52337235;0.3709469;0.52139676;0.33121663;0.41656563
0.21492812;0.5582073;0.43470067;0.449155;0.33125454;0.4695248;0.40962842
0.1590192;0.7682618;0.5415852;0.5335803;0.5836876;0.63838285;0.5374195
0.09956365;0.42841494;0.5144335;0.66100514;0.4324666;0.44432044;0.43003404
0.16505326;0.5237307;0.47739267;0.6268115;0.48473504;0.54438436;0.47035122
0.13367307;0.5737122;0.452289;0.4157815;0.5351318;0.5309481;0.44025597
0.21847606;0.35475743;0.48491862;0.4807131;0.55646557;0.5075956;0.43382105
0.22426301;0.58416516;0.4857857;0.43434173;0.5350488;0.6084804;0.47868082
0.06979844;0.59283626;0.63910115;0.4134916;0.37445635;0.47597107;0.42760912
0.20521946;0.4663139;0.4558786;0.44673628;0.5160078;0.37635228;0.41108474
0.17763962;0.49049312;0.5692046;0.46937513;0.594811;0.28636903;0.43131542
0.25027204;0.52117854;0.4921026;0.6039863;0.52667457;0.67143;0.5109406
0.20228733;0.4752727;0.449842;0.541213;0.5154225;0.48197275;0.44433507
0.21871719;0.4799791;0.439748;0.50703865;0.45225543;0.4878281;0.43092772
0.27078348;0.56641895;0.3353358;0.662258;0.5162837;0.6082554;0.49322256
0.2487113;0.4588918;0.36409184;0.45325017;0.5797419;0.39288905;0.41626266
0.2179431;0.41584513;0.60814935;0.4966848;0.5157192;0.6445416;0.48314723
0.29549032;0.27559423;0.4277858;0.5239676;0.37038764;0.50264364;0.39931154
0.28415412;0.5337902;0.54092604;0.63249195;0.6131187;0.41706714;0.50359136
0.14243187;0.4467103;0.42853904;0.38514215;0.62489206;0.52664155;0.42572615
0.12229108;0.5727756;0.6023157;0.46582273;0.5767066;0.69309914;0.5055018
0.23798901;0.45806596;0.48742846;0.44160032;0.3644771;0.44433323;0.40564904
0.16231552;0.39328042;0.5183782;0.47508478;0.5148878;0.60391563;0.44464374
0.23043053;0.53271246;0.69689536;0.5723301;0.60722566;0.2512419;0.48180604
0.14514971;0.37797585;0.47944272;0.51661783;0.46963784;0.56721824;0.42600703
0.058914945;0.5611907;0.51764566;0.4892131;0.5057527;0.580394;0.45218518
0.067181826;0.55360687;0.5508862;0.30505526;0.4173772;0.47095656;0.39417735
0.1342037;0.4383711;0.54638976;0.5117352;0.5613962;0.56711423;0.45986834
0.030620694;0.47082227;0.45159253;0.3155136;0.45950142;0.46839997;0.36607507
0.22509202;0.42175123;0.5380135;0.58789515;0.29911244;0.6301983;0.45034376
0.1856376;0.4441632;0.5115045;0.687883;0.3449263;0.56874794;0.45714375
0.06335536;0.56922704;0.46715003;0.4952235;0.42274827;0.58985484;0.4345932
0.29879543;0.36562115;0.42302102;0.5146257;0.4477569;0.42283946;0.41210997
0.120081425;0.2565127;0.54082966;0.46252784;0.52620435;0.54089034;0.40784106
0.09032848;0.57067376;0.46707144;0.59319;0.48695984;0.5380773;0.45771682
0.23499474;0.5681905;0.38064203;0.4644737;0.51185614;0.34486437;0.4175036
0.30195642;0.32951534;0.68585014;0.3336163;0.36404973;0.38632137;0.40021822
0.36421192;0.5709842;0.4738754;0.52783173;0.55471647;0.5089964;0.5001027
0.21698253;0.57682633;0.5040678;0.5658964;0.50765723;0.33526456;0.45111576
0.14706701;0.5467522;0.49554455;0.65389186;0.39394498;0.3610528;0.4330422
0.2175533;0.632139;0.49477458;0.649942;0.4177203;0.47932807;0.48190954
0.09729278;0.502692;0.34490755;0.5745695;0.38220137;0.45406508;0.3926214
0.095991574;0.4607718;0.491653;0.45303163;0.511877;0.5195998;0.4221541
0.20252816;0.5291322;0.33516324;0.53966725;0.47740164;0.37628406;0.41002944
0.11690437;0.6894828;0.5469956;0.72057176;0.4373741;0.42185622;0.48886415
0.07253243;0.5615751;0.66162676;0.46813262;0.36516654;0.5305209;0.4432591
0.19950889;0.69543844;0.60701376;0.19897693;0.5970211;0.40788817;0.45097455
0.21155532;0.47932085;0.4615619;0.6101071;0.59149384;0.4177215;0.46196008
0.08972353;0.36107838;0.3623904;0.48111123;0.50273985;0.39829668;0.36589
0.3579955;0.4163715;0.51864517;0.56693316;0.6082049;0.5939184;0.51034474
0.103856586;0.47621015;0.48056585;0.5917393;0.6234889;0.48126316;0.45952067
0.123358436;0.39977363;0.5952203;0.6318492;0.47493434;0.33427757;0.42656896
0.2873237;0.52261144;0.64233726;0.5969217;0.6166423;0.46483898;0.52177924
0.12082637;0.5269294;0.64070356;0.37379357;0.45856914;0.5732639;0.4490143
0.08934217;0.2955011;0.5773835;0.51067805;0.5064776;0.5946452;0.42900464
0.090414345;0.6320332;0.5561593;0.6599237;0.607148;0.3564673;0.48369098
0.09738636;0.522243;0.5444589;0.21290728;0.42239538;0.5030098;0.38373342
0.29671776;0.54053783;0.6159863;0.28616595;0.59166104;0.36859304;0.44994363
0.27429616;0.56389755;0.39367032;0.4567097;0.30916625;0.63086146;0.43810025
0.011011705;0.5655939;0.7471662;0.29794753;0.6167497;0.4104917;0.44149348
0.34306616;0.60555595;0.48941073;0.4382621;0.57779175;0.5889127;0.50716656
0.1799068;0.51999736;0.46023262;0.6854589;0.42559445;0.5266217;0.466302
0.2343413;0.54793173;0.34076968;0.43438578;0.38492;0.46502486;0.4012289
0.19526592;0.37704414;0.5622905;0.53258014;0.48150146;0.4716656;0.43672463
0.33453014;0.49792963;0.57122236;0.7318019;0.5511033;0.56886154;0.5425748
0.02630046;0.6197315;0.59994483;0.45090595;0.41640627;0.4039628;0.41954195
0.24127994;0.6370262;0.55595076;0.5053734;0.3739937;0.6297126;0.4905561
0.30120423;0.73177963;0.39320007;0.73251206;0.44899318;0.35288617;0.4934292
0.2400035;0.46983868;0.41963935;0.5559863;0.4313455;0.6093042;0.45435295
0.06703946;0.46868435;0.6073959;0.50880224;0.45977747;0.53110003;0.4404666
0.21158205;0.45903915;0.40964687;0.55567855;0.55072653;0.32791656;0.4190983
0.24833798;0.34757823;0.6853562;0.44593716;0.55921507;0.35048386;0.43948475
0.0998672;0.45079517;0.40632;0.4232201;0.44988403;0.6156676;0.40762568
0.33112884;0.44268987;0.5696753;0.47091073;0.75407636;0.5016749;0.51169264
0.20020233;0.58995056;0.4040811;0.52233064;0.49355242;0.30918366;0.41988346
0.15457287;0.6106245;0.3926057;0.47060645;0.54624563;0.29840347;0.41217646
0.27238774;0.59846;0.47629046;0.5061214;0.56459135;0.41216162;0.47166875
0.20150027;0.5776325;0.5599083;0.4810646;0.6616196;0.42480946;0.48442245
0.082123816;0.43842074;0.50750744;0.5816388;0.42829922;0.5580093;0.43266657
0.17212324;0.2649812;0.48982203;0.36484456;0.4928238;0.45525888;0.373309
0.3729657;0.51949364;0.5371405;0.5274057;0.5116652;0.49372864;0.49373326
0.1950046;0.51613706;0.35884327;0.56150275;0.5730787;0.3527484;0.4262191
0.31931886;0.4410742;0.5192884;0.40371963;0.43092677;0.64205444;0.45939708
0.082089685;0.4104877;0.4483172;0.3885209;0.5941779;0.5632984;0.414482
0.10363436;0.4014276;0.56821364;0.53194124;0.63767225;0.419745;0.44377232
0.1974012;0.5416191;0.528214;0.48540595;0.6013994;0.34219614;0.44937265
0.24905014;0.4095613;0.49878508;0.4505347;0.61072516;0.50717914;0.45430598
0.18166712;0.3381059;0.5119322;0.4711073;0.61826396;0.44209743;0.42719564
0.05396624;0.26455772;0.37020838;0.5007399;0.56301874;0.4891261;0.37360287
0;0.39101446;0.6640768;0.49826613;0.46769375;0.6548554;0.44598445
0.119680226;0.5484042;0.59860975;0.50219285;0.52951336;0.57521546;0.47893596
0.11127173;0.64770365;0.6059108;0.43592185;0.54501235;0.52505666;0.4784795
0.20077711;0.5144794;0.37301728;0.38582557;0.47113806;0.3582309;0.38391137
0.24438135;0.62726927;0.34055698;0.6004167;0.42857808;0.4776293;0.4531386
0.2509468;0.5497285;0.3863905;0.38076055;0.48367932;0.4685839;0.42001495
0.01841773;0.27849793;0.6060662;0.3925613;0.5092624;0.41964504;0.37074175
0.24356735;0.49621737;0.37262398;0.437855;0.3634687;0.63875234;0.4254141
0.18011795;0.52797455;0.44675836;0.5341689;0.45888466;0.6031365;0.45850682
0.22676402;0.54459834;0.5526339;0.52246386;0.57967144;0.5712953;0.4995711
0.2059277;0.49520066;0.37971842;0.6080116;0.5355894;0.5415125;0.46099338
0.15883516;0.5434384;0.5102107;0.55122244;0.27854142;0.4738537;0.4193503
0.12343315;0.3550974;0.39194763;0.65485996;0.4220162;0.29935133;0.37445092
0.2039442;0.50624514;0.4524567;0.64517486;0.5142557;0.47418693;0.46604392
0.24805301;0.5987143;0.44741553;0.4690313;0.7133678;0.61008435;0.5144444
0.16047925;0.33796978;0.52679694;0.55951995;0.45405793;0.60345256;0.44037938
0.31542826;0.58278793;0.63968456;0.69312656;0.8364332;0.5610564;0.6047528
0.05672866;0.5306798;0.5539726;0.4296852;0.40774372;0.5187232;0.4162555
0.26033837;0.54758745;0.5005315;0.4339155;0.56807506;0.7014368;0.5019808
0.25132355;0.45813173;0.62900054;0.42621428;0.58874464;0.4004252;0.45897332
0.14015143;0.5259812;0.45857912;0.34063035;0.73046523;0.5162128;0.45200333
0.22584583;0.48943993;0.4708125;0.56076556;0.48231965;0.47219652;0.45023
0.33958933;0.4249191;0.48764986;0.5827093;0.59983015;0.5061819;0.4901466
0.3262965;0.687498;0.5554865;0.5118205;0.43567106;0.5239178;0.50678176
0.30616984;0.5897909;0.41335052;0.54028195;0.64989275;0.2996866;0.46652877
0.18150198;0.4852819;0.5389482;0.67456645;0.56161344;0.4238267;0.47762313
0.2907716;0.3637042;0.5041594;0.4552631;0.34565365;0.47256044;0.4053521
0.116241656;0.47797087;0.37160274;0.5184862;0.42894417;0.5252586;0.40641737
0.27553102;0.4082448;0.37359428;0.45792004;0.47760695;0.52660066;0.41991627
0.12525082;0.41818932;0.49945533;0.2631474;0.5306427;0.41684332;0.37558818
0.33095503;0.30141288;0.6528092;0.32435644;0.44486463;0.6159983;0.44506606
0.22240135;0.4575596;0.5753988;0.6591255;0.46966013;0.50346434;0.48126826
0.037110478;0.43763176;0.37657416;0.39542475;0.5139683;0.52839065;0.3815167
0.19803762;0.46754953;0.40048435;0.48817933;0.30881768;0.61927074;0.41372323
0.2714697;0.5481097;0.5177231;0.44640785;0.6150836;0.52902853;0.48797035
0.1101149;0.47361788;0.4209632;0.31091064;0.541163;0.4987813;0.3925918
0.22724657;0.64527303;0.40312648;0.72947615;0.54055923;0.62068844;0.5277283
0.14961833;0.38329926;0.57415134;0.571535;0.38621676;0.7109181;0.46262315
0;0.5246213;0.6329474;0.4844778;0.4694956;0.4655957;0.42952296
0.23852637;0.61422074;0.5284905;0.5353241;0.44300336;0.60106826;0.49343887
0.20035453;0.58476955;0.4138094;0.44157624;0.64002657;0.5817549;0.47704852
0.2431448;0.56198585;0.5105869;0.44159496;0.50664246;0.5018788;0.4609723
0.2357323;0.5943983;0.46947974;0.65912175;0.5813732;0.43711382;0.49620318
0.11518123;0.45770654;0.5475567;0.69851613;0.47653154;0.51791936;0.4689019
0.027519092;0.5118749;0.69444245;0.40513036;0.26046067;0.49920246;0.39977166
0.17296626;0.4317919;0.50192124;0.5642865;0.43725637;0.35816967;0.41106534
0.17519249;0.5712277;0.507649;0.5164836;0.39466912;0.46557808;0.43846667
0.2272241;0.2359946;0.47803953;0.43623546;0.44951746;0.36011487;0.364521
0.28193715;0.57257926;0.32274914;0.6080178;0.44762984;0.42819834;0.4435186
0.19420049;0.47956535;0.506841;0.603502;0.5365541;0.57447076;0.48252228
0.1811419;0.27303383;0.46294266;0.4313255;0.41243947;0.68085605;0.40695655
0.002661258;0.51729983;0.5417418;0.5344648;0.57025886;0.5057156;0.44535705
0.30916232;0.43659228;0.5087502;0.5187074;0.49005815;0.39604393;0.44321907
0.07718407;0.60717446;0.35017937;0.5891943;0.4505775;0.34301406;0.4028873
0.29056418;0.58975136;0.32066303;0.6243482;0.55899036;0.50042534;0.48079038
0.07038653;0.5073608;0.46189275;0.32767117;0.642317;0.4587139;0.4113904
0.27649546;0.4758956;0.32358313;0.396344;0.7051819;0.61144924;0.4648249
0.2531604;0.57119626;0.28936565;0.5656668;0.55779314;0.4716965;0.45147976
0.062911496;0.3929988;0.5191207;0.7531909;0.50093156;0.43515998;0.44405222
0.11103529;0.43350035;0.49855745;0.46389246;0.6090335;0.49962172;0.43594012
0.29359755;0.4765764;0.38056347;0.6493845;0.4842261;0.4271806;0.45192143
0.2055273;0.513844;0.5495563;0.4373591;0.34566748;0.5194097;0.42856064
0.13271047;0.34464416;0.29090387;0.4204138;0.5634314;0.5005015;0.3754342
0.051011458;0.51820433;0.5064546;0.41674554;0.5749607;0.5166041;0.43066347
0.2524339;0.5456011;0.41337493;0.5651266;0.35326132;0.48084426;0.435107
0.080943264;0.56550217;0.47719714;0.4942887;0.47441792;0.47909355;0.42857376
0.29505032;0.40232304;0.5017727;0.53596723;0.48558444;0.66689706;0.48126578
0.1664562;0.5574773;0.4477906;0.41348362;0.5976559;0.14358738;0.38774183
0.011547327;0.5277061;0.6803415;0.39873174;0.46000537;0.27537632;0.39228472
0.16999146;0.521836;0.37376463;0.63183326;0.8001075;0.43157062;0.4881839
0.231303;0.5741633;0.60656184;0.5123191;0.4008674;0.5404022;0.4776028
0.27192023;0.61318225;0.39365652;0.42558935;0.31166577;0.33124804;0.39121035
0.19927178;0.25070333;0.5604227;0.58474094;0.61005926;0.54116297;0.45772684
0.2030425;0.39904204;0.5247509;0.68456763;0.525613;0.46987098;0.46781453
0.19822797;0.44045877;0.5300951;0.5206033;0.53757924;0.5349474;0.46031865
0.082082145;0.63431835;0.59185994;0.52147084;0.46042553;0.44199687;0.45535895
0.25752085;0.63990223;0.60590875;0.6109816;0.5348185;0.46106684;0.5183665
0.07262325;0.33671212;0.56177825;0.4661599;0.49879932;0.32640558;0.37707973
0.318106;0.57405174;0.4732985;0.7215959;0.3961185;0.4992847;0.4970759
0.1892435;0.58188874;0.3783106;0.42078882;0.64983904;0.6297859;0.47497615
0.35207325;0.5420078;0.41464764;0.42312822;0.39122894;0.61238146;0.45591125
0.36080843;0.569947;0.67943287;0.46075284;0.5156536;0.6406929;0.53788126
0.16241111;0.40926483;0.50447017;0.6326795;0.47699717;0.6305641;0.46939778
0.20769323;0.55857223;0.44412336;0.6066988;0.659366;0.49711904;0.49559546
0.12451901;0.46713156;0.37317973;0.53252953;0.5861909;0.56350106;0.4411753
0.13846138;0.52390283;0.49184948;0.46895558;0.3227982;0.4648905;0.40180966
0.23427062;0.48768607;0.40116322;0.45933926;0.5257855;0.4693333;0.42959633
0.22480147;0.5266972;0.45224506;0.5057216;0.35724267;0.36963895;0.4060578
0.23687033;0.62882614;0.5565232;0.54149425;0.52433074;0.5537268;0.5069619
0;0.46243447;0.55715907;0.44023338;0.42039227;0.30800796;0.36470452
0.22131085;0.49452472;0.6284935;0.6151484;0.6845453;0.6007361;0.5407932
0.23465015;0.45034593;0.4441629;0.433479;0.53605384;0.40858063;0.41787875
0.20793474;0.26702482;0.3449335;0.44127193;0.43431902;0.55515;0.37510565
0.10699239;0.45784593;0.41644704;0.3366775;0.42878172;0.53282416;0.3799281
0.27312666;0.5394316;0.44850606;0.38867113;0.49386877;0.60774714;0.45855856
0.3110437;0.4873886;0.5878267;0.5008531;0.33158922;0.4468898;0.44426522
0.30616513;0.45199898;0.4617472;0.5419934;0.39993912;0.735296;0.48285663
0.16482979;0.59808815;0.28239912;0.4732787;0.60297465;0.62064135;0.4570353
0.05482383;0.45075622;0.5958838;0.44247475;0.40350667;0.47128832;0.40312228
0.10275232;0.20968828;0.3799714;0.58098465;0.53333265;0.72497106;0.42195007
0.20622265;0.47179738;0.45085385;0.49219206;0.43476242;0.45635295;0.41869688
0.28590986;0.37096804;0.5085477;0.57436407;0.5254974;0.43888405;0.45069516
0.3001379;0.47539228;0.30828685;0.49369743;0.43903065;0.6934801;0.45167086
0.13943262;0.3594546;0.6122912;0.53829;0.505022;0.61341673;0.46131787
0.1653746;0.3484013;0.50270915;0.5464421;0.41895145;0.6016831;0.43059364
0.21732517;0.5078235;0.4030743;0.7013938;0.42069995;0.5094967;0.4599689
0.23935749;0.5029894;0.47243643;0.3020704;0.6288065;0.6427352;0.46473256
0.25506464;0.37320793;0.41406226;0.632287;0.6014842;0.5796012;0.4759512
0.10072983;0.58992606;0.6193638;0.443651;0.3863635;0.5729273;0.45216024
0;0.4080648;0.64748454;0.51693183;0.38879997;0.48979264;0.40851226
0.09042894;0.5276447;0.60699946;0.39456028;0.40585488;0.47678068;0.41704485
0.1963156;0.4852482;0.59953475;0.39131555;0.36578923;0.44104815;0.4132086
0.26661614;0.5711446;0.42407542;0.3670205;0.35488164;0.5494897;0.42220464
0.21586256;0.49506742;0.5241343;0.66435456;0.732006;0.48376608;0.5191985
0.25375426;0.48455673;0.57971823;0.43091452;0.48250473;0.42901534;0.44341063
0.2618096;0.4406374;0.5754282;0.34208304;0.38290942;0.41594526;0.4031355
0.21010818;0.33217338;0.6063078;0.587119;0.44402984;0.46296817;0.44045106
0.3345639;0.5115053;0.52453965;0.37865728;0.32930467;0.5727285;0.44188324
0.2727438;0.56276196;0.33222425;0.3469883;0.5694049;0.5399893;0.43735206
0.24502549;0.5197683;0.56156653;0.59807867;0.48898453;0.51333857;0.48779368
0.19722219;0.42721146;0.37045294;0.555892;0.32598698;0.49396634;0.39512196
0.07325621;0.46347043;0.40012336;0.4784057;0.4830615;0.6244898;0.42046785
0.3527196;0.4747416;0.5452167;0.4618498;0.58086634;0.36031812;0.4626187
0.2842259;0.39218655;0.5763607;0.5250899;0.5592176;0.5892504;0.4877218
0.28304672;0.2630094;0.7539222;0.55853236;0.48717535;0.43116304;0.46280816
0.12144548;0.472645;0.47618303;0.36582607;0.5517978;0.40030682;0.398034
0.050310075;0.63393223;0.38849795;0.59846634;0.39497685;0.38517123;0.4085591
0.20551024;0.5024418;0.4958984;0.46097094;0.5697112;0.3388832;0.42890263
0.1164011;0.55718726;0.56253445;0.5097811;0.3522892;0.34512472;0.40721965
0.098214366;0.3902129;0.43548667;0.5203013;0.41436762;0.5183709;0.39615896
0.35369676;0.48941585;0.37331557;0.46349522;0.49087596;0.45794567;0.43812415
0.16281162;0.46145737;0.46992105;0.5001844;0.47279906;0.5778706;0.4408407
0.23153754;0.3780896;0.55922556;0.44474822;0.61828804;0.43912485;0.44516897
0.20109384;0.71729267;0.2923126;0.5738614;0.5313314;0.56944984;0.48089027
0.031975895;0.6233035;0.38962284;0.48518932;0.4352961;0.52386135;0.41487482
0.1814348;0.70396185;0.5851019;0.5017096;0.42597532;0.47098708;0.47819507
0.17077094;0.5435318;0.288302;0.4887983;0.6765214;0.6300775;0.46633363
0.2487271;0.5386373;0.5581757;0.32176024;0.63995266;0.5475249;0.4757963
0.22204359;0.52286285;0.55099154;0.49820465;0.79158306;0.31590778;0.48359892
0.3194996;0.43365353;0.32717615;0.3631441;0.45613563;0.35842165;0.37633845
0.23921722;0.43594497;0.48935917;0.31381226;0.44773683;0.5936676;0.41995636
0.1229217;0.4798328;0.49518314;0.4350356;0.39857882;0.5066473;0.40636656
0.15804362;0.36619335;0.47108632;0.525662;0.6025324;0.6722953;0.46596885
0.19700427;0.65683484;0.3716102;0.552503;0.42390186;0.44002149;0.44031262
0.3784927;0.50669444;0.59067696;0.4659;0.47679177;0.27410167;0.44877627
0.1534594;0.5601689;0.3685044;0.5209277;0.5296477;0.58257324;0.45254686
0.31445637;0.36653453;0.41874707;0.49588835;0.49182025;0.49570468;0.4305252
0.21125652;0.57264256;0.54497707;0.4593499;0.6306698;0.4725948;0.4819151
0.17798933;0.68543464;0.49597228;0.5555971;0.63315535;0.6533045;0.53357553
0.4132673;0.4807491;0.5621463;0.5624006;0.5560204;0.58282465;0.5262347
0.17236114;0.54068065;0.5146869;0.38770726;0.49269044;0.5013804;0.43491778
0.17871663;0.46710986;0.5287989;0.57048005;0.60976195;0.5547512;0.48493645
0.07212271;0.40777788;0.5233713;0.3769841;0.6903559;0.5367337;0.4345576
0.20552942;0.5471404;0.4617833;0.6689006;0.71450394;0.55652905;0.52573115
0.2315582;0.5577169;0.562228;0.3665361;0.6244616;0.42462698;0.461188
0.12295371;0.5237407;0.4419385;0.54664516;0.40657693;0.47031644;0.41869524
0;0.46036243;0.63194895;0.74256355;0.49269646;0.52655447;0.47568765
0;0.5666025;0.37858894;0.41546372;0.5090114;0.31896186;0.3647714
0.14969933;0.37996998;0.3691486;0.6437157;0.32878476;0.6874412;0.4264599
0.37256098;0.46959952;0.6206002;0.5315453;0.61306417;0.4058398;0.5022016
0.4676947;0.54232657;0.65443933;0.47212744;0.4137975;0.47960714;0.50499874
0.09909222;0.33615243;0.48495796;0.48791575;0.46297574;0.46425572;0.38922498
0.16531496;0.37627995;0.49423298;0.42860055;0.52110386;0.44329622;0.40480474
0.17901725;0.56072074;0.5904784;0.6389674;0.44740552;0.6773444;0.5156556
0.11330696;0.32643867;0.47082138;0.30192742;0.42734933;0.53519666;0.36250675
0;0.17218262;0.39839727;0.5536296;0.4855311;0.61194247;0.3702805
0.21009408;0.54657054;0.43789086;0.39997897;0.50500697;0.44823536;0.42462945
0.24098775;0.4019549;0.4100169;0.4335028;0.3748855;0.60299003;0.41072297
0.12956783;0.47227368;0.4950116;0.52835107;0.50087833;0.42770037;0.42563045
0.27057374;0.45349288;0.67355525;0.58517194;0.5246436;0.5100887;0.50292104
0.24762416;0.36481506;0.48591566;0.5187611;0.5969727;0.45016247;0.44404185
0.11909262;0.4826345;0.5144474;0.487549;0.66518223;0.604107;0.47883543
0.36057124;0.48324698;0.480826;0.56657887;0.32370812;0.5215997;0.4560885
0.26113948;0.27499986;0.43250173;0.48837507;0.6888621;0.5345561;0.44673908
0.13673636;0.4407857;0.50774163;0.42618448;0.5628456;0.47500277;0.42488274
0.28107268;0.6485394;0.51477987;0.57066995;0.3941338;0.37963194;0.46480462
0.18813455;0.57638633;0.62432575;0.69538367;0.51863694;0.49198037;0.5158079
0.31991968;0.48693234;0.52188504;0.4692299;0.4338251;0.53808415;0.461646
0.13041845;0.5478467;0.40275806;0.44628564;0.7216515;0.46085012;0.45163503
0.2702421;0.6316684;0.43427685;0.5416838;0.378996;0.42620727;0.44717908
0.0091855675;0.4929222;0.5239071;0.3178743;0.6145723;0.55763024;0.4193486
0.18064785;0.54923123;0.54220873;0.51719093;0.52848613;0.46519974;0.4638274
0.122226626;0.5290578;0.40653795;0.39975044;0.36830544;0.30955714;0.35590592
0.144072;0.49465933;0.49700442;0.5352536;0.561805;0.5691247;0.4669865
0.10420903;0.3390571;0.43089277;0.42590198;0.53721976;0.5318975;0.394863
0.18901221;0.6240437;0.46977445;0.5847155;0.3720414;0.40142956;0.44016948
0.20463222;0.4946797;0.41790056;0.36674333;0.37149912;0.44258106;0.383006
0.25031346;0.40611005;0.46653676;0.5755461;0.60078984;0.43411568;0.45556864
0.16662483;0.45621946;0.69373417;0.41622388;0.48797825;0.5500259;0.46180108
0.027142063;0.5442737;0.5076973;0.45502228;0.49562535;0.69224846;0.4536682
0.2449069;0.48493937;0.7216277;0.6353968;0.7902663;0.6846062;0.5936239
0.22484323;0.4744939;0.3945883;0.4856297;0.52629423;0.70174897;0.46793303
0.19802704;0.4703402;0.6752709;0.3619073;0.500861;0.5429277;0.45822236
0.2714833;0.44393757;0.54388225;0.5117034;0.49314108;0.6112816;0.47923818
0.25927573;0.6431109;0.5754067;0.6325936;0.6211092;0.6368227;0.56138647
0.1727819;0.6246236;0.5250263;0.5583911;0.5498135;0.5190273;0.49161062
0.03447038;0.5692135;0.42140195;0.5136046;0.7366055;0.48725125;0.4604245
0.18005979;0.6266835;0.2735803;0.45838553;0.6334039;0.542035;0.452358
0.25453466;0.4469284;0.414688;0.58841276;0.3991896;0.53634423;0.4400163
0.021249741;0.49328154;0.32905543;0.30353898;0.56977195;0.4044497;0.3535579
0.35911822;0.5074838;0.5566388;0.50594693;0.650192;0.55885243;0.5230387
0.12863284;0.5626216;0.48611987;0.59826416;0.43119997;0.41464263;0.43691352
0.2538763;0.39118242;0.45205945;0.39279753;0.5462377;0.4627608;0.4164857
0.31102082;0.48061135;0.53355;0.38342962;0.36615947;0.56494814;0.43995324
0.18192083;0.6237781;0.5253061;0.612013;0.41099852;0.20517018;0.4265311
0.22221056;0.42309284;0.4557863;0.56353027;0.4377224;0.6028169;0.45085987
0.2516395;0.5372186;0.4647166;0.45565057;0.53616977;0.5052219;0.45843613
0.3043615;0.41253346;0.3672978;0.4100507;0.50130105;0.47670934;0.4120423
0;0.57549953;0.39580122;0.7433649;0.5152829;0.4819186;0.45197785
0.43761337;0.34383178;0.41302982;0.34420735;0.31682196;0.5351006;0.39843413
0.17138244;0.54500306;0.54907954;0.4878373;0.57161224;0.48080525;0.46761993
0.12092323;0.41176933;0.59457016;0.34212023;0.35154828;0.7041284;0.42084327
0.18479608;0.29733032;0.46616113;0.5508345;0.4096191;0.49901366;0.40129247
0.1957421;0.50561506;0.31565017;0.63324076;0.5208488;0.42087114;0.43199468
0.20066136;0.5810414;0.5710163;0.376387;0.5878267;0.6927329;0.50161093
0.10301686;0.43852267;0.5184705;0.59697044;0.3988261;0.5002158;0.42600372
0.16942632;0.69815063;0.77977264;0.3844761;0.16635206;0.4546506;0.44213808
0.18205823;0.3389957;0.49387383;0.50230885;0.5365094;0.4303303;0.4140127
0.21693806;0.39160532;0.46663287;0.45502266;0.460154;0.532025;0.42039633
0.10825504;0.48275188;0.48154333;0.484994;0.6484109;0.44252196;0.44141284
0.17485031;0.39083645;0.4853831;0.5560789;0.46464112;0.46188736;0.42227957
0.23022626;0.56827104;0.5045424;0.5404115;0.36798847;0.44881502;0.4433758
0.2474879;0.45463276;0.5911557;0.50595546;0.5188385;0.42829275;0.4577272
0.08647763;0.53141624;0.50088733;0.5196096;0.5770465;0.49109375;0.45108852
0.17616883;0.4584908;0.5848931;0.52661294;0.34539717;0.65774083;0.4582173
0.2189166;0.34425974;0.5930804;0.4316231;0.6016433;0.66389835;0.4755703
0.16094454;0.5357101;0.589777;0.5093061;0.48171955;0.5343133;0.4686284
0.39716485;0.45420253;0.47200933;0.58473074;0.47514567;0.30262983;0.44764718
0.21120574;0.60182726;0.61322117;0.4044464;0.37659395;0.4977461;0.4508401
0.48292178;0.39876333;0.513509;0.55822647;0.5398153;0.48908404;0.4970533
0.1071506;0.38996482;0.53238267;0.6529313;0.5909549;0.5705161;0.47398338
0.24496323;0.44991308;0.49253938;0.44697595;0.66362494;0.5263662;0.47073045
0.051928237;0.44904315;0.5601575;0.44792306;0.53527397;0.5445916;0.43148625
0.20848888;0.6127219;0.6008918;0.67066795;0.506843;0.5457266;0.5242234
0.16008845;0.682923;0.37957475;0.72177076;0.4377314;0.39157647;0.4622775
0.0076245368;0.6040909;0.3092509;0.3666749;0.51391685;0.6233915;0.40415826
0.09018239;0.5767785;0.5164504;0.5329275;0.4126923;0.52924424;0.44304588
0.16788353;0.6144708;0.24459946;0.56465614;0.67758125;0.621901;0.4818487
0.15757063;0.5153061;0.5608927;0.35798025;0.64258116;0.53079176;0.4608538
0.20208606;0.49252325;0.60104585;0.29269147;0.52065206;0.57748985;0.4477481
0.3155707;0.39549673;0.3455895;0.43718076;0.4585798;0.4658808;0.4030497
0.15755394;0.54793024;0.6073501;0.55486745;0.44797117;0.6600505;0.4959539
0.3045255;0.41627273;0.5543613;0.5905378;0.44962555;0.511302;0.47110415
0.10624777;0.5737959;0.5566898;0.43570003;0.47699422;0.5394677;0.4481492
0.1289402;0.5070839;0.44652694;0.40896755;0.6499834;0.5071463;0.4414414
0.26036116;0.32458645;0.51924515;0.41104633;0.5088161;0.44498804;0.41150716
0.24461532;0.53629935;0.52587765;0.39329773;0.35148317;0.58456004;0.43935552
0.072036356;0.5078761;0.47383323;0.6462102;0.46416166;0.47785297;0.44032845
0.23959742;0.59999096;0.5640793;0.6250631;0.6044184;0.6227442;0.54264885
0.12815875;0.7569647;0.2813139;0.6114152;0.41793072;0.45801443;0.4422996
0.18645233;0.53644377;0.5193811;0.5538116;0.38455695;0.6464316;0.47117957
0.12067441;0.6067715;0.5319338;0.4224019;0.5115312;0.47474638;0.44467655
0.2791093;0.45629957;0.56474876;0.6647051;0.59890264;0.5065558;0.51172024
0.4790845;0.37666765;0.3856786;0.4580108;0.5405784;0.6824084;0.4870714
0.1774493;0.373181;0.4718323;0.48359427;0.29777336;0.5149557;0.38646433
0.2222818;0.63976705;0.45624253;0.512725;0.38741955;0.4250312;0.44057786
0.33461374;0.5659406;0.54761463;0.6859721;0.5554931;0.55131686;0.5401585
0.13647717;0.5929094;0.62575084;0.66572237;0.39702985;0.4414886;0.476563
0.3018158;0.42394823;0.4060202;0.45539254;0.37917024;0.45784402;0.40403184
0.10032179;0.5509493;0.59854966;0.55035675;0.5060616;0.4713244;0.46292725
0.34420037;0.5425135;0.57172275;0.5197112;0.46369922;0.54218197;0.49733815
0.2540543;0.58958554;0.46413282;0.648062;0.6703315;0.51150656;0.52294546
0;0.4258457;0.51473856;0.5047922;0.5107885;0.3366736;0.38213977
0.2572013;0.28038448;0.46384674;0.55099934;0.55985445;0.7247107;0.47283283
0.22526754;0.37487608;0.5349111;0.50843114;0.55924284;0.58037853;0.4638512
0.3665616;0.573307;0.62711763;0.4951874;0.5650971;0.35789198;0.49752712
0.07183619;0.49473497;0.5281897;0.5325213;0.53544956;0.44863144;0.4352272
0.27799764;0.50544673;0.5684856;0.4141535;0.5058548;0.59484947;0.47779799
0.2799613;0.48538706;0.56325155;0.5284309;0.5635762;0.57668805;0.49954918
0.054910153;0.353653;0.49754488;0.3292088;0.6021652;0.5249445;0.39373776
0.13904715;0.5301486;0.47458965;0.25970072;0.5918676;0.39701477;0.39872813
0.038999468;0.53361815;0.45001963;0.46084815;0.40689456;0.5778876;0.41137794
0.4081449;0.48265862;0.45714858;0.3638789;0.4681644;0.6415754;0.4702618
0.12869188;0.5340938;0.6207609;0.48961127;0.30862117;0.5942322;0.44600186
0.015550703;0.50204164;0.5787568;0.6129441;0.3540119;0.46760586;0.4218185
0.21755071;0.31703696;0.51021355;0.5431614;0.54705703;0.42713398;0.42702565
0.1628473;0.31007892;0.5537516;0.5068337;0.4872144;0.61698765;0.43961895
0.058228314;0.5395914;0.4494199;0.4005865;0.3979659;0.4149715;0.3767939
0.4428575;0.43780068;0.40884015;0.4056002;0.49306723;0.6577201;0.4743143
0.32270765;0.54247016;0.53733754;0.42571473;0.46372786;0.5551637;0.4745203
0.16862883;0.34188443;0.5131088;0.6066934;0.52024466;0.6446033;0.46586058
0.13993509;0.37017387;0.36698318;0.5200571;0.3028472;0.59281737;0.38213563
0.17144874;0.39828283;0.4488759;0.53632534;0.38566944;0.5193624;0.40999413
0;0.47532243;0.53663146;0.43336484;0.6556274;0.677348;0.46304902
0.04165569;0.53015727;0.59075344;0.35655862;0.5046663;0.41308236;0.4061456
0.32259604;0.72414464;0.5204375;0.407707;0.6659664;0.50113773;0.5236649
0.30844623;0.3542176;0.5739572;0.45867988;0.45482573;0.49943075;0.4415929
0.18150279;0.47104096;0.50703543;0.4194573;0.5165702;0.5484629;0.44067827
0.18781471;0.5315527;0.61059415;0.5135124;0.56188166;0.3970959;0.46707523
0.28944588;0.53505677;0.45261765;0.518512;0.40894353;0.5887704;0.46555772
0.13084564;0.5767947;0.6098169;0.27330786;0.585598;0.46606457;0.44040456
0.13948232;0.47861135;0.5541213;0.4665751;0.60433936;0.5053388;0.45807806
0.09814524;0.49366623;0.44899964;0.45426425;0.5832164;0.63902503;0.45288613
0.24709617;0.60256606;0.42344964;0.47927207;0.4967834;0.5528593;0.46700445
0.16852818;0.59390104;0.6191277;0.56188035;0.6071417;0.4736987;0.50404626
0.26219893;0.4956425;0.5552007;0.3479269;0.6732812;0.57192427;0.4843624
0.0013313591;0.6344413;0.52858585;0.55616355;0.6425204;0.544127;0.48452827
0.27931714;0.4438632;0.46240342;0.5037835;0.53168255;0.4400357;0.44351426
0.17828956;0.49196693;0.3346939;0.54152685;0.54074246;0.64255804;0.45496297
0.15051585;0.4021854;0.6230115;0.46198928;0.6386332;0.6031771;0.47991872
0.26524314;0.54522675;0.5647355;0.37330335;0.5811504;0.53037685;0.47667265
0.3447197;0.35180885;0.5494228;0.537278;0.52167314;0.47670764;0.4636017
0.13541298;0.60017246;0.6866549;0.37471294;0.3698907;0.4626953;0.43825653
0.17192271;0.45736444;0.38421914;0.37871897;0.48325545;0.52398175;0.39991042
0.11460143;0.5629449;0.70483106;0.58365446;0.3765816;0.6280429;0.4951094
0.34324247;0.6113388;0.46470127;0.44452462;0.49823263;0.58111584;0.49052596
0.27113557;0.46116492;0.5470472;0.5346116;0.3527342;0.39657295;0.42721105
0.0114862025;0.40502608;0.4769002;0.4436412;0.6418588;0.485555;0.41074458
0.25962302;0.49184883;0.41487694;0.59807634;0.38328078;0.5638552;0.45192686
0.19150613;0.41978347;0.46078375;0.519172;0.5745291;0.48450676;0.44171357
0.14487691;0.33980197;0.4833152;0.41673985;0.547441;0.49474356;0.40448642
0.15529786;0.56661874;0.38067883;0.50343597;0.578476;0.6547266;0.47320566
0.17047526;0.60168713;0.5888659;0.53668195;0.44166356;0.6257133;0.49418116
0.085238814;0.58772075;0.3888622;0.43873674;0.5368657;0.5665717;0.4339993
0.24883418;0.5898778;0.3636124;0.7075078;0.37589365;0.63861394;0.48738995
0.19226456;0.73065025;0.46042314;0.49136645;0.4443618;0.51522547;0.47238192
0.18813886;0.35501277;0.58354944;0.41596875;0.5792632;0.5547618;0.44611582
0.00095789135;0.44950604;0.5143577;0.46928892;0.45123377;0.54421717;0.4049269
0.19213203;0.6078743;0.6512307;0.40487006;0.43314585;0.80343854;0.5154486
0.13790204;0.587926;0.6053613;0.49743354;0.51825947;0.61803025;0.4941521
0.14088532;0.5342442;0.62708634;0.4540785;0.49719757;0.5027887;0.45938012
0.30580813;0.5060095;0.42531422;0.53648424;0.5512987;0.5783119;0.4838711
0.1929344;0.4278861;0.3654245;0.5861245;0.42613888;0.6182741;0.43613043
0.19963789;0.44858944;0.4461554;0.57305616;0.66678846;0.3843643;0.45309865
0.37634712;0.4881327;0.42099312;0.30641863;0.4356131;0.50903594;0.42275676
0.12983379;0.43869084;0.6300067;0.4501909;0.3979161;0.39811745;0.4074593
0.024531826;0.474338;0.47724897;0.4107874;0.550352;0.5812613;0.41975322
0.28747246;0.39606655;0.5946768;0.566273;0.51793706;0.63066363;0.49884823
0.22920908;0.56679255;0.54168576;0.5202226;0.56542885;0.6007693;0.504018
0.3703658;0.5644962;0.6204022;0.48315153;0.60402614;0.54270047;0.530857
0.03534758;0.6272893;0.26415431;0.4653197;0.38299307;0.53097415;0.38434634
0.18186721;0.5004313;0.49022448;0.2994511;0.4521916;0.68595386;0.43501994
0.16841161;0.43552336;0.45786154;0.5197029;0.344181;0.52533925;0.4085033
0.28068703;0.58473;0.6673055;0.5729691;0.5302309;0.5489531;0.53081256
0.3249556;0.38525772;0.4518897;0.47500238;0.44894132;0.54293334;0.43816337
0.22984575;0.37367344;0.5054331;0.43132555;0.52103287;0.38930428;0.40843582
0.0955043;0.57336164;0.48451823;0.39749086;0.40152457;0.5235096;0.41265154
0.36799282;0.5413502;0.54276115;0.69860196;0.36399075;0.4723045;0.49783358
0.45212185;0.5931582;0.45104647;0.466187;0.3922367;0.3421805;0.44948843
0.30737442;0.61516094;0.65562576;0.39717335;0.4653028;0.4068641;0.47458354
0.28001574;0.42008168;0.45785964;0.56779826;0.33812547;0.5248749;0.4314593
0.07360813;0.5671235;0.5070586;0.33753347;0.50049096;0.41724527;0.40050998
0.16619281;0.5667004;0.42369702;0.47980663;0.46303123;0.41834965;0.41962966
0.13739341;0.5229049;0.35655576;0.4340986;0.5387524;0.4032967;0.39883363
0.24423133;0.25970614;0.55331033;0.32117748;0.6454159;0.48298272;0.417804
0.15598421;0.45649028;0.5286328;0.25042444;0.45153555;0.39379522;0.3728104
0.22079447;0.5939905;0.5869985;0.52819055;0.51042324;0.42494395;0.47755685
0.24122608;0.5751758;0.4841189;0.40587288;0.51911837;0.59708774;0.47043332
0.14833179;0.54362434;0.37338084;0.49848956;0.67548454;0.5409569;0.46337804
0.20190965;0.31094593;0.5179066;0.4984384;0.59932667;0.4609684;0.4315826
0.0998013;0.48399574;0.48854008;0.4900192;0.510699;0.38490587;0.4096602
0.24461144;0.49296567;0.49430937;0.40526682;0.65255505;0.38965654;0.44656077
0.33395886;0.44503325;0.48494294;0.447216;0.45678207;0.5200454;0.44799647
0.21781868;0.5461895;0.4911603;0.4077179;0.6192631;0.31955287;0.4336171
0.24570209;0.4522804;0.49223453;0.5537351;0.5630083;0.6701397;0.4961833
0.21838443;0.46572024;0.6462463;0.522596;0.36276948;0.40937245;0.43751478
0.21752593;0.6213537;0.43529683;0.52528167;0.5740073;0.5991432;0.49543476
0.2339068;0.693357;0.54342645;0.49683142;0.586629;0.3426671;0.48280296
0.11502688;0.5214612;0.43312427;0.3567372;0.56648815;0.4933878;0.41437092
0.11810966;0.48667186;0.57289743;0.54862326;0.68854386;0.5079253;0.48712853
0.35090178;0.59012526;0.2976249;0.7006103;0.50100267;0.40097547;0.47354007
0.16157964;0.5922182;0.37263286;0.5232297;0.383451;0.3644961;0.3996013
0.050623327;0.571034;0.3342015;0.78493524;0.42448127;0.52096814;0.4477073
0.2243446;0.34969896;0.690807;0.55413663;0.43456113;0.601692;0.47587338
0.21357322;0.50067717;0.37494797;0.43231264;0.5047128;0.445706;0.41198826
0.24417599;0.4043331;0.5524443;0.3581971;0.4641761;0.40737176;0.4051164
0.45855206;0.50640434;0.5073892;0.50500447;0.45669624;0.25223136;0.44771293
0.26811293;0.45275596;0.48401254;0.29067215;0.674381;0.56701857;0.45615888
0.30208927;0.6795645;0.44354025;0.5262288;0.39887366;0.5073394;0.47627267
0.21532232;0.50689197;0.5412053;0.5449551;0.47723335;0.5289908;0.4690998
0.19297948;0.49123532;0.39365155;0.34697014;0.48190886;0.50044245;0.40119794
0.14870566;0.5550486;0.4534284;0.4950689;0.49095312;0.5637047;0.45115158
0.20843147;0.61957246;0.5132719;0.619002;0.47108203;0.44042316;0.47863054
0.15166572;0.5498876;0.5505217;0.5080204;0.46655816;0.46797863;0.44910538
0.13017806;0.44893345;0.272085;0.36173597;0.4277989;0.41826668;0.34316635
0.2683709;0.47389784;0.43732336;0.552691;0.6296005;0.4437875;0.46761188
0.28475884;0.42319527;0.24028498;0.48127127;0.52964556;0.73242754;0.44859722
0.13083053;0.66903496;0.7325243;0.47648415;0.60387164;0.52146155;0.52236784
0.1788037;0.588844;0.5926654;0.39146066;0.5378677;0.44660845;0.45604166
0.13203421;0.5389406;0.4301742;0.6140468;0.516811;0.5411818;0.46219814
0.20951231;0.50520205;0.5857026;0.5779153;0.33465606;0.5015399;0.4524214
0.19727604;0.4550335;0.4943298;0.39893934;0.4507394;0.35296944;0.39154792
0;0.5153054;0.36652854;0.49720582;0.39292026;0.4731436;0.37418392
0.19748119;0.54198515;0.5904136;0.632311;0.53222024;0.56122935;0.50927335
0.23676974;0.56106794;0.5477792;0.44528353;0.5717604;0.58175385;0.49073577
0.11844614;0.49540272;0.5342094;0.48501748;0.46503603;0.4613139;0.42657092
0.19520903;0.41179866;0.5875857;0.6041122;0.5806709;0.43501484;0.4690652
0.14490324;0.59960693;0.70245874;0.47510037;0.44380537;0.47391006;0.47329748
0.19643752;0.40413737;0.3746491;0.2837416;0.5509761;0.5862357;0.39936292
0.11423417;0.61598486;0.30437785;0.5095162;0.6128409;0.577894;0.455808
